       1     80.000    120.400
       2     85.000    120.000
       3     63.000    120.000
       4     63.000    120.000
       5     63.000    120.000
       6     85.000    120.000
       7     35.000    123.000
       8     35.000    120.000
       9     35.000    120.000
      10     35.000    120.000
      11     35.000    120.000
      12     35.000    120.000
      13     35.000    120.000
      14     35.000    120.000
      15     35.000    120.000
      16     63.000    120.000
      17     35.000    120.000
      18     63.000    120.000
      19     63.000    120.000
      20     35.000    120.000
      21     35.000    115.000

