    4    3    2    1        3       8.786   0.000  -8.786  -0.000  -0.000   0.000
    8    3    2    1        3       8.786   0.000  -8.786  -0.000  -0.000   0.000
    5    4    3    2        3      30.334   0.000  -30.334  -0.000  -0.000   0.000
    7    8    3    2        3      30.334   0.000  -30.334  -0.000  -0.000   0.000
    7    8    3    4        3      30.334   0.000  -30.334  -0.000  -0.000   0.000
    8    3    4    5        3      30.334   0.000  -30.334  -0.000  -0.000   0.000
    8    7    6    5        3      30.334   0.000  -30.334  -0.000  -0.000   0.000
    6    7    8    3        3      30.334   0.000  -30.334  -0.000  -0.000   0.000
    7    6    5    4        3      30.334   0.000  -30.334  -0.000  -0.000   0.000
    6    5    4    3        3      30.334   0.000  -30.334  -0.000  -0.000   0.000
   10    4    3    2        3      30.334   0.000  -30.334  -0.000  -0.000   0.000
   14    8    3    2        3      30.334   0.000  -30.334  -0.000  -0.000   0.000
   10    4    5    6        3      30.334   0.000  -30.334  -0.000  -0.000   0.000
   13    7    8    3        3      30.334   0.000  -30.334  -0.000  -0.000   0.000
   13    7    6    5        3      30.334   0.000  -30.334  -0.000  -0.000   0.000
   10    4    3    8        3      30.334   0.000  -30.334  -0.000  -0.000   0.000
   11    5    6    7        3      30.334   0.000  -30.334  -0.000  -0.000   0.000
   14    8    3    4        3      30.334   0.000  -30.334  -0.000  -0.000   0.000
   12    6    5    4        3      30.334   0.000  -30.334  -0.000  -0.000   0.000
   14    8    7    6        3      30.334   0.000  -30.334  -0.000  -0.000   0.000
   11    5    4    3        3      30.334   0.000  -30.334  -0.000  -0.000   0.000
   12    6    7    8        3      30.334   0.000  -30.334  -0.000  -0.000   0.000
   14    8    7   13        3      30.334   0.000  -30.334  -0.000  -0.000   0.000
   13    7    6   12        3      30.334   0.000  -30.334  -0.000  -0.000   0.000
   12    6    5   11        3      30.334   0.000  -30.334  -0.000  -0.000   0.000
   11    5    4   10        3      30.334   0.000  -30.334  -0.000  -0.000   0.000
    9    2    3    4        3       0.837   0.000  -0.837  -0.000  -0.000   0.000
    9    2    3    8        3       0.837   0.000  -0.837  -0.000  -0.000   0.000

